# camea parameter file. 

# The format of each camera is as follows:
# Filename (of the undistorted image in visualize folder)
# Original filename
# Focal Length (of the undistorted image)
# 2-vec Principal Point (image center)
# 3-vec Translation T (as in P = K[R T])
# 3-vec Camera Position C (as in P = K[R -RC])
# 3-vec Axis Angle format of R
# 4-vec Quaternion format of R
# 3x3 Matrix format of R
# [Normalized radial distortion] = [radial distortion] * [focal length]^2
# 3-vec Lat/Lng/Alt from EXIF

# Please note that images may be shrunk if you use param_pmvs_reduce.
# In that case, the focal length and principal point are scaled too.

# the nubmer of cameras in this reconstruction
428

00000000.jpg
/scratch_net/biwisrv01_second/varcity/datasets/Paris_RueMonge/part1_ruemonge_107_027_800px/IMG_5762.JPG
1062.27209473
533.5 400
-2.2062850201 -23.016229296 -13.466127645
1.76782300711 -0.00467674169557 26.6987991919
-0.978913206831 -0.671495501526 -1.20063821158
0.66432780562 -0.433356018929 -0.297264982472 -0.531511672245
0.258257744925 0.963839104511 0.0657047776108
-0.448552827027 0.0593958062489 0.891780522083
0.855630351584 -0.259781290348 0.447672182107
0.15737486303
0 0 0

00000001.jpg
/scratch_net/biwisrv01_second/varcity/datasets/Paris_RueMonge/part1_ruemonge_107_027_800px/IMG_5777.JPG
1055.47546387
533.5 400
-2.90062504625 -29.0227160229 -11.3757685701
0.0350409018489 0.0111086212365 31.3071626038
-1.08145240654 -0.691437784771 -1.1619214584
0.6481136742 -0.475673597402 -0.304126835794 -0.511067668513
0.292633411902 0.951790100907 0.0919852708564
-0.373129676712 0.0250889338709 0.927439911667
0.880420314733 -0.305722340063 0.362482992969
0.163314720855
0 0 0

00000002.jpg
/scratch_net/biwisrv01_second/varcity/datasets/Paris_RueMonge/part1_ruemonge_107_027_800px/IMG_5658.JPG
1058.91564941
533.5 400
-0.155588628998 3.03113704048 0.123136003549
-0.549609632371 -0.0142729263814 -2.98745503574
-1.40295923812 -1.05713630183 -0.768026233279
0.574661997629 -0.598874777285 -0.451254926099 -0.327843836732
0.377774820775 0.917289174987 -0.12596330513
0.16369159848 0.0677348396962 0.984183444322
0.911312923959 -0.392418859056 -0.124564014395
0.143408748681
0 0 0

00000003.jpg
/scratch_net/biwisrv01_second/varcity/datasets/Paris_RueMonge/part1_ruemonge_107_027_800px/IMG_5848.JPG
1061.68615723
533.5 400
-5.16426262949 -48.3645428363 -12.6640097211
-8.36138748939 -0.224914718294 49.5601893369
-1.07160813175 -0.643977530191 -1.24090667383
0.636570922044 -0.469169026029 -0.281944772228 -0.543290927254
0.250684227555 0.95624592136 0.150834863135
-0.427126904639 -0.0305692132427 0.903674792464
0.868746237626 -0.290962645512 0.400775140856
0.148886626261
0 0 0

00000004.jpg
/scratch_net/biwisrv01_second/varcity/datasets/Paris_RueMonge/part1_ruemonge_107_027_800px/IMG_5532.JPG
1080.1484375
533.5 400
-3.55690996286 43.049630519 -9.32585926834
-16.7414020324 1.44378099817 -40.8721776006
-1.66691164509 -1.51257600725 -0.666643083833
0.386682643958 -0.65483628261 -0.594206449193 -0.261886753344
0.156668048321 0.980750008986 -0.116552745612
0.575681760184 0.00520954280128 0.817657245828
0.80252453771 -0.195198054648 -0.56378372257
0.149702513729
0 0 0

00000005.jpg
/scratch_net/biwisrv01_second/varcity/datasets/Paris_RueMonge/part1_ruemonge_107_027_800px/IMG_5758.JPG
1054.36413574
533.5 400
-2.19157230682 -22.2974334014 -12.3840029834
2.00564645005 -0.021269649325 25.5209518881
-1.00969359979 -0.688897951869 -1.18467667648
0.659152412914 -0.446066498473 -0.304344107222 -0.523371225699
0.266914449019 0.961478233017 0.065698434834
-0.418447392059 0.0542144781021 0.906621514439
0.868135045361 -0.269481720714 0.416798686679
0.168480627112
0 0 0

00000006.jpg
/scratch_net/biwisrv01_second/varcity/datasets/Paris_RueMonge/part1_ruemonge_107_027_800px/IMG_5900.JPG
1075.0098877
533.5 400
-11.3282939323 -54.3339453371 -33.152078052
-15.274869905 -0.95904874637 62.8118357745
-0.797796966368 -0.397488687209 -1.45659527766
0.657096010397 -0.352166284026 -0.175460825019 -0.642975303102
0.111592516968 0.968575786383 0.222279230226
-0.721410239426 -0.0748766640087 0.688448074758
0.68345766263 -0.237180166161 0.690384814558
0.15362002163
0 0 0

00000007.jpg
/scratch_net/biwisrv01_second/varcity/datasets/Paris_RueMonge/part1_ruemonge_107_027_800px/IMG_5730.JPG
1060.93579102
533.5 400
0.173445194626 -17.8892115687 -0.407490448817
1.93203022498 0.00257099598839 17.7900892311
-1.36554532676 -1.08312971787 -0.949134824079
0.546754605351 -0.576109213289 -0.456961037778 -0.400430001178
0.261684848218 0.964392822486 -0.0383082778297
0.0886450334258 0.0155079770394 0.995942548894
0.961073929655 -0.26401891331 -0.0814304313672
0.171530260982
0 0 0

00000008.jpg
/scratch_net/biwisrv01_second/varcity/datasets/Paris_RueMonge/part1_ruemonge_107_027_800px/IMG_5668.JPG
1071.91943359
533.5 400
0.00543710199938 -0.151478793393 -0.00634862284421
0.00160880330779 0.00208249055082 0.151686409816
-1.2881389019 -0.967228376107 -0.931789601936
0.597460737843 -0.55507495228 -0.416790645727 -0.401519640518
0.330135071826 0.94248453694 -0.052285102845
-0.0170843457887 0.0613475512598 0.997970241582
0.943779084044 -0.328571720608 0.0363547099711
0.166096584757
0 0 0

00000009.jpg
/scratch_net/biwisrv01_second/varcity/datasets/Paris_RueMonge/part1_ruemonge_107_027_800px/IMG_5832.JPG
1075.51428223
533.5 400
-4.81617021595 -43.5129423539 -13.8722053464
-6.4731550442 -0.0828090406169 45.4653839251
-1.04554176308 -0.625943537967 -1.23735381064
0.646099946549 -0.4595085558 -0.275097964807 -0.543808657503
0.257186507568 0.955529226115 0.144287900967
-0.449889752067 -0.0137519376578 0.892978216529
0.855251022397 -0.294575596835 0.426345993811
0.15788954344
0 0 0

00000010.jpg
/scratch_net/biwisrv01_second/varcity/datasets/Paris_RueMonge/part1_ruemonge_107_027_800px/IMG_5748.JPG
1052.11462402
533.5 400
0.141781829596 -22.6804220105 -1.69314116793
2.2204521896 -0.00177503716677 22.6353255024
-1.31697961278 -1.04693903994 -0.985373026391
0.561276648925 -0.559033965628 -0.444406638939 -0.418272982528
0.255100902709 0.966410527373 -0.0312125298532
0.0273430954964 0.0250574747241 0.999312002374
0.966527746403 -0.255778841078 -0.020032470917
0.165069677001
0 0 0

00000011.jpg
/scratch_net/biwisrv01_second/varcity/datasets/Paris_RueMonge/part1_ruemonge_107_027_800px/IMG_5521.JPG
1072.92333984
533.5 400
-4.869528069 48.0160903781 -4.51496298136
-19.4988519919 1.54868405172 -44.3513075145
-1.59341545047 -1.42606029757 -0.651848470477
0.437699836077 -0.640869579863 -0.573559559434 -0.262172589884
0.204589929791 0.964659546994 -0.166056975228
0.50564794853 0.0411034294392 0.861760210404
0.83813072535 -0.260273829807 -0.479368773224
0.14983305536
0 0 0

00000012.jpg
/scratch_net/biwisrv01_second/varcity/datasets/Paris_RueMonge/part1_ruemonge_107_027_800px/IMG_5854.JPG
1079.35998535
533.5 400
-7.57047116987 -49.5586081263 -12.679804177
-8.80210915808 -0.231132929958 50.9569873428
-1.098575837 -0.615894797457 -1.27103824255
0.625776703631 -0.478887290906 -0.2684786804 -0.554066492374
0.241859040397 0.950585862227 0.194655395797
-0.436301750535 -0.0726454307257 0.896863102081
0.866686210262 -0.301842939174 0.397172321559
0.154142791231
0 0 0

00000013.jpg
/scratch_net/biwisrv01_second/varcity/datasets/Paris_RueMonge/part1_ruemonge_107_027_800px/IMG_5669.JPG
1070.16442871
533.5 400
0.0323624405737 -0.454843730492 -0.0219880202817
0.0341080183808 -0.00206004553082 0.455242813297
-1.31980428615 -1.01435072604 -0.867232599307
0.591025115009 -0.567214407428 -0.435939140396 -0.372711946824
0.342085741131 0.935106164863 -0.0924867890595
0.0539776799148 0.0787072414001 0.995435372198
0.938117133297 -0.345516469343 -0.0235502362465
0.162735062436
0 0 0

00000014.jpg
/scratch_net/biwisrv01_second/varcity/datasets/Paris_RueMonge/part1_ruemonge_107_027_800px/IMG_5820.JPG
1063.73046875
533.5 400
-4.61231247351 -39.2685651946 -16.5287867444
-5.0867924476 -0.0449442518073 42.5513448982
-0.975480172242 -0.606042317797 -1.2791569041
0.652801959319 -0.429864955741 -0.26706473543 -0.563686214862
0.221868556528 0.965554472357 0.135937134499
-0.506347389655 -0.00505205799901 0.862314790375
0.833298664714 -0.260151951024 0.487785093832
0.156269359833
0 0 0

00000015.jpg
/scratch_net/biwisrv01_second/varcity/datasets/Paris_RueMonge/part1_ruemonge_107_027_800px/IMG_5819.JPG
1066.98254395
533.5 400
-4.03112097229 -39.8060376253 -14.6144515669
-4.98567342046 -0.0398586416213 42.3024140464
-1.01145545594 -0.638969829419 -1.24893304987
0.648831678665 -0.445013193091 -0.281129537055 -0.549496946425
0.23803857853 0.963274758255 0.124255282545
-0.462849346426 3.27276888752e-05 0.886436958526
0.853878280344 -0.26851766988 0.44585888274
0.163919608968
0 0 0

00000016.jpg
/scratch_net/biwisrv01_second/varcity/datasets/Paris_RueMonge/part1_ruemonge_107_027_800px/IMG_5545.JPG
1076.73901367
533.5 400
-1.21794574906 39.6670442566 0.715698331795
-13.9234617695 1.27302989054 -37.1481711967
-1.53396359517 -1.26137580601 -0.779921012165
0.482914334357 -0.629556340841 -0.51768317016 -0.320088573229
0.259094881241 0.960972165195 -0.0969656652369
0.34267072409 0.00240423798951 0.939452497198
0.903020828866 -0.276634627912 -0.328674101921
0.171192450359
0 0 0

00000017.jpg
/scratch_net/biwisrv01_second/varcity/datasets/Paris_RueMonge/part1_ruemonge_107_027_800px/IMG_5694.JPG
1058.39147949
533.5 400
0.0094817110951 -8.01077194399 -0.121203443459
1.08884935662 0.0442360001873 7.93723488194
-1.39865521242 -1.08535233021 -0.909708710038
0.544324183599 -0.589470178404 -0.457427124312 -0.38340124917
0.287527816158 0.956668441041 -0.0459700864965
0.121890153259 0.0110567818136 0.992482008963
0.949984497491 -0.290969485501 -0.113429330568
0.151850736218
0 0 0

00000018.jpg
/scratch_net/biwisrv01_second/varcity/datasets/Paris_RueMonge/part1_ruemonge_107_027_800px/IMG_5925.JPG
1050.32324219
533.5 400
-15.4722778774 -60.4095799303 -30.7050616218
-18.6535164434 -1.31108994207 66.9465227381
-0.885332972461 -0.356966753233 -1.44157869043
0.64902631818 -0.389552954608 -0.157067970746 -0.634305120925
0.145973332268 0.94573401863 0.290308374445
-0.700988850317 -0.108188981751 0.704918276085
0.698073361473 -0.306402203376 0.647156296244
0.145559161942
0 0 0

00000019.jpg
/scratch_net/biwisrv01_second/varcity/datasets/Paris_RueMonge/part1_ruemonge_107_027_800px/IMG_5686.JPG
1059.2902832
533.5 400
0.253159803204 -5.78081106101 0.284818609299
0.713656872364 0.0348532736144 5.74912751355
-1.42056861658 -1.12760734746 -0.846171756922
0.539721745053 -0.597536040806 -0.474307275354 -0.355926574452
0.29669776429 0.951034006629 -0.0866299884601
0.182628759133 0.0325339070745 0.982643516861
0.937345812922 -0.307369261843 -0.164033423031
0.155168780333
0 0 0

00000020.jpg
/scratch_net/biwisrv01_second/varcity/datasets/Paris_RueMonge/part1_ruemonge_107_027_800px/IMG_5784.JPG
1054.32006836
533.5 400
-3.17235826241 -30.9434714627 -12.1033331358
-0.822497728314 0.00570793757551 33.3672956802
-1.06688845788 -0.670183882326 -1.17551261506
0.651245104869 -0.469854315399 -0.295146870224 -0.517692051979
0.28976652863 0.951640890664 0.102053780438
-0.39693676806 0.0224637232386 0.917571023573
0.870905598241 -0.306390268048 0.384250494597
0.169115786576
0 0 0

00000021.jpg
/scratch_net/biwisrv01_second/varcity/datasets/Paris_RueMonge/part1_ruemonge_107_027_800px/IMG_5542.JPG
1078.9765625
533.5 400
-1.7489672571 40.3887220165 -5.42572451275
-14.7888482205 1.30267851556 -37.991304743
-1.62776707111 -1.42848696673 -0.751684566673
0.411939811513 -0.647016508797 -0.56780522624 -0.298784962958
0.17664954193 0.980921552964 -0.0811655485191
0.488595867669 -0.0158056334902 0.872367044338
0.854440762975 -0.19376039038 -0.482066275202
0.171176436001
0 0 0

00000022.jpg
/scratch_net/biwisrv01_second/varcity/datasets/Paris_RueMonge/part1_ruemonge_107_027_800px/IMG_5761.JPG
1057.67468262
533.5 400
-3.01425968594 -23.3852599487 -11.8758088244
1.83256361595 -0.0245582295211 26.3368959265
-1.05179307142 -0.689678773505 -1.20240990911
0.644813911111 -0.462018285239 -0.302953321294 -0.528179334374
0.258491751714 0.961094712755 0.0973599887562
-0.401214816707 0.0151313896908 0.915859002195
0.878754052708 -0.275804267844 0.389516778443
0.164931403686
0 0 0

00000023.jpg
/scratch_net/biwisrv01_second/varcity/datasets/Paris_RueMonge/part1_ruemonge_107_027_800px/IMG_5743.JPG
1056.47692871
533.5 400
0.0374580426368 -21.2624548979 -2.70634138222
2.21152153122 -0.000499991466257 21.3196352533
-1.28875538849 -0.998188869889 -0.984568367858
0.579902117276 -0.55132568745 -0.427022202827 -0.421195392935
0.280492958527 0.95936081936 -0.0308304799656
-0.0176475812404 0.0372688546572 0.999149435945
0.959693838207 -0.279710297898 0.0273840493022
0.167558700039
0 0 0

00000024.jpg
/scratch_net/biwisrv01_second/varcity/datasets/Paris_RueMonge/part1_ruemonge_107_027_800px/IMG_5565.JPG
1061.35803223
533.5 400
-1.9756286502 32.0305376648 -4.92244549989
-10.5609552275 0.902301559737 -30.6877988448
-1.64588855564 -1.30980458398 -0.631890183929
0.455235088256 -0.66723053541 -0.530984683536 -0.256163410516
0.304871145926 0.941807534969 -0.141605619441
0.475349243791 -0.0216325605419 0.879531198282
0.825285817647 -0.335455808416 -0.454282643066
0.139429332601
0 0 0

00000025.jpg
/scratch_net/biwisrv01_second/varcity/datasets/Paris_RueMonge/part1_ruemonge_107_027_800px/IMG_5804.JPG
1059.13891602
533.5 400
-2.37908559088 -35.2009650541 -15.7656821621
-3.29514432172 -0.00795717219048 38.50281397
-0.952260675602 -0.645586168056 -1.23734776353
0.663895998332 -0.421485155705 -0.285746322972 -0.547669065976
0.236815266162 0.968066269483 0.0822570823768
-0.486314935762 0.0448177153868 0.872633460075
0.841080443814 -0.246655772842 0.481398604856
0.151081654782
0 0 0

00000026.jpg
/scratch_net/biwisrv01_second/varcity/datasets/Paris_RueMonge/part1_ruemonge_107_027_800px/IMG_5539.JPG
1081.77807617
533.5 400
-2.01996312923 40.7716844349 -8.55459615743
-15.3574696445 1.33654423969 -38.7550434619
-1.65719160257 -1.53773823649 -0.759965578395
0.369313869697 -0.645703454421 -0.59915998232 -0.296110841045
0.106651370804 0.992475021801 -0.0601565973669
0.555043659539 -0.00922916247242 0.831770015428
0.824955769185 -0.122098950287 -0.551851270931
0.134462307046
0 0 0

00000027.jpg
/scratch_net/biwisrv01_second/varcity/datasets/Paris_RueMonge/part1_ruemonge_107_027_800px/IMG_5866.JPG
1072.88659668
533.5 400
-5.53086192669 -53.1669949951 -12.5092643175
-10.2481512175 -0.383778427939 53.9317123311
-1.09352137669 -0.616942910996 -1.2141353452
0.642309462312 -0.479866789333 -0.270731254287 -0.532795464574
0.285667161762 0.94426901228 0.163555205168
-0.424609261212 -0.028286285152 0.904934727682
0.859128190658 -0.327957190071 0.392864904894
0.153588433386
0 0 0

00000028.jpg
/scratch_net/biwisrv01_second/varcity/datasets/Paris_RueMonge/part1_ruemonge_107_027_800px/IMG_5586.JPG
1037.19104004
533.5 400
-3.74485139655 26.2987793408 1.3017043624
-7.6642946562 0.69778313641 -25.4581190814
-1.4162145189 -1.19602002161 -0.667757659279
0.552743863614 -0.599001333923 -0.50586798736 -0.282434421699
0.328656753608 0.918258985369 -0.220873660938
0.2938034115 0.122856398797 0.947937688176
0.89758804231 -0.376439558313 -0.229410037354
0.13330910878
0 0 0

00000029.jpg
/scratch_net/biwisrv01_second/varcity/datasets/Paris_RueMonge/part1_ruemonge_107_027_800px/IMG_5684.JPG
1060.01196289
533.5 400
0.099850988033 -5.15507020691 -0.53409465938
0.458872013316 0.0187841483421 5.16324121016
-1.28530173901 -1.01221511588 -0.967975131815
0.581302541992 -0.550168036986 -0.43327444942 -0.41433770916
0.281195028495 0.958458633784 -0.0478163494597
-0.00496362052829 0.0512787876927 0.998672042466
0.959637805852 -0.280584271224 0.0191767651166
0.157628210539
0 0 0

00000030.jpg
/scratch_net/biwisrv01_second/varcity/datasets/Paris_RueMonge/part1_ruemonge_107_027_800px/IMG_5772.JPG
1059.67321777
533.5 400
-3.06117863623 -26.7856200168 -12.7855337593
0.609579846379 0.0204498461708 29.8318306856
-1.03706070828 -0.659778994933 -1.18509925875
0.657193519523 -0.45780064302 -0.291253198312 -0.523150861243
0.282969501706 0.954294514423 0.0961781724049
-0.420950908547 0.0334634952615 0.906465954727
0.86181703029 -0.296988508579 0.411180291447
0.160341278161
0 0 0

00000031.jpg
/scratch_net/biwisrv01_second/varcity/datasets/Paris_RueMonge/part1_ruemonge_107_027_800px/IMG_5764.JPG
1059.18737793
533.5 400
-2.71106129148 -24.9180335279 -10.8997960203
1.6610841546 -0.00220736255926 27.2819463394
-1.08944987017 -0.714863877656 -1.1572642859
0.643773399735 -0.478360459337 -0.313885587801 -0.508136712419
0.286545838526 0.954550705687 0.0820026383453
-0.353948889849 0.0259367048697 0.934905059733
0.89028740629 -0.29691789709 0.345294217428
0.159914392497
0 0 0

00000032.jpg
/scratch_net/biwisrv01_second/varcity/datasets/Paris_RueMonge/part1_ruemonge_107_027_800px/IMG_5926.JPG
1045.80773926
533.5 400
-12.7073915627 -61.3094616746 -30.9849771617
-18.9780911512 -1.35586644039 67.2189733879
-0.873984027842 -0.358713982853 -1.38465365311
0.668860576271 -0.387598486124 -0.159084139156 -0.614072617639
0.195214113871 0.944779472819 0.263217015951
-0.698136386806 -0.0546355323587 0.713877121094
0.688837451917 -0.323120266069 0.648919300446
0.144290861074
0 0 0

00000033.jpg
/scratch_net/biwisrv01_second/varcity/datasets/Paris_RueMonge/part1_ruemonge_107_027_800px/IMG_5722.JPG
1064.79125977
533.5 400
-0.256674469531 -15.6077116555 -1.6388971088
1.89707919887 0.0268258558314 15.5805295008
-1.32747712464 -1.01557335243 -0.978790165196
0.566573879777 -0.564743054485 -0.432051134034 -0.41640261616
0.279881357671 0.95984144583 -0.0192568038518
0.0161500626818 0.0153482873316 0.999751771967
0.959898745235 -0.280122881861 -0.0112058000185
0.158826444301
0 0 0

00000034.jpg
/scratch_net/biwisrv01_second/varcity/datasets/Paris_RueMonge/part1_ruemonge_107_027_800px/IMG_5679.JPG
1064.49645996
533.5 400
0.0460698724804 -3.62911914566 -0.535755080878
0.217849090473 0.0196598654121 3.66221476387
-1.22089103526 -0.98900614278 -1.03873436208
0.588362638056 -0.524127665796 -0.424579643965 -0.445927933659
0.241760807827 0.969802546333 -0.0321672648139
-0.0796667953888 0.052876935861 0.995418118866
0.96705993274 -0.238090425638 0.0900446317554
0.157404580699
0 0 0

00000035.jpg
/scratch_net/biwisrv01_second/varcity/datasets/Paris_RueMonge/part1_ruemonge_107_027_800px/IMG_5862.JPG
1073.94348145
533.5 400
-8.25980849908 -50.58786251 -16.2539066775
-9.8256151404 -0.359871345211 52.8665634573
-1.05711179668 -0.533277690407 -1.26425145265
0.647837115 -0.464916104067 -0.234534688751 -0.556015798679
0.271679822785 0.938493249346 0.213120845587
-0.502337434296 -0.0506011044013 0.863189799718
0.820881950098 -0.341569830584 0.457692991904
0.160916997922
0 0 0

00000036.jpg
/scratch_net/biwisrv01_second/varcity/datasets/Paris_RueMonge/part1_ruemonge_107_027_800px/IMG_5516.JPG
1067.0567627
533.5 400
-8.29181361158 47.6807226543 -12.4982597719
-20.0132180408 1.61553386361 -45.7741535926
-1.67437274395 -1.52319884504 -0.475264810195
0.402588784268 -0.662667967306 -0.602837740933 -0.188095970173
0.202413128223 0.950413176714 -0.236101078041
0.647511864883 0.0509821422237 0.760348082137
0.734681774892 -0.306782683187 -0.605084353572
0.141426882732
0 0 0

00000037.jpg
/scratch_net/biwisrv01_second/varcity/datasets/Paris_RueMonge/part1_ruemonge_107_027_800px/IMG_5770.JPG
1054.98742676
533.5 400
-3.06155352718 -26.7504073996 -11.0741369722
0.909822653767 0.0118929342181 29.0992439252
-1.09061950929 -0.699529517366 -1.1678765537
0.643165770523 -0.478757546555 -0.307077796267 -0.512671659334
0.28574199351 0.953497350286 0.0958869967296
-0.365434100917 0.015917962664 0.930701099361
0.885894706515 -0.300980765933 0.352988877313
0.152699314197
0 0 0

00000038.jpg
/scratch_net/biwisrv01_second/varcity/datasets/Paris_RueMonge/part1_ruemonge_107_027_800px/IMG_5747.JPG
1052.86401367
533.5 400
-0.0984583446757 -22.3841806641 -1.79570639932
2.1727744121 -0.00642897387096 22.3509465022
-1.32061278527 -1.03288027849 -0.991837151839
0.562006436677 -0.560747993198 -0.438573327348 -0.421145924586
0.260579093486 0.965231667158 -0.0206486017389
0.0184847855657 0.0163955966568 0.999694701953
0.965275529961 -0.260881224173 -0.0135697506747
0.168350935379
0 0 0

00000039.jpg
/scratch_net/biwisrv01_second/varcity/datasets/Paris_RueMonge/part1_ruemonge_107_027_800px/IMG_5868.JPG
1076.15368652
533.5 400
6.51574902436 -43.7672940576 -33.166776099
-10.6073716893 -0.40391604941 54.2714157632
-0.582625329113 -0.533866169282 -1.23031703679
0.744427092024 -0.266044671637 -0.24377973735 -0.561800655938
0.249902925291 0.966151857544 -0.0640243398714
-0.706726656843 0.227200511364 0.670012955205
0.661880624009 -0.122190489815 0.739583344702
0.127696171646
0 0 0

00000040.jpg
/scratch_net/biwisrv01_second/varcity/datasets/Paris_RueMonge/part1_ruemonge_107_027_800px/IMG_5826.JPG
1071.1373291
533.5 400
-5.19095059124 -41.3121328415 -15.4299340983
-5.61082168094 -0.0452495574253 44.0481303437
-1.02341424931 -0.591733540264 -1.24142128524
0.654613670502 -0.451313419768 -0.260947400164 -0.547451910104
0.264405720942 0.952277135689 0.152505316557
-0.481200881499 -0.00677479347889 0.876584173835
0.835784258274 -0.305159563209 0.45644530297
0.152626427373
0 0 0

00000041.jpg
/scratch_net/biwisrv01_second/varcity/datasets/Paris_RueMonge/part1_ruemonge_107_027_800px/IMG_5596.JPG
1046.15270996
533.5 400
-0.793231626146 23.4569748453 -1.82049611058
-6.32119669618 0.426032522162 -22.6723192464
-1.54659378502 -1.2598900597 -0.779282931439
0.479411391831 -0.633759764609 -0.516274949117 -0.319332828035
0.262973443708 0.960572171542 -0.0902555879923
0.34820498936 -0.00724978859492 0.937390380765
0.899776779701 -0.277936222585 -0.336382524644
0.154970398859
0 0 0

00000042.jpg
/scratch_net/biwisrv01_second/varcity/datasets/Paris_RueMonge/part1_ruemonge_107_027_800px/IMG_5908.JPG
1050.85302734
533.5 400
-9.79024811667 -61.1651099598 -24.9877722816
-16.7088540253 -1.12207933457 64.6603706555
-0.929452071535 -0.46752685264 -1.3548540089
0.656881395305 -0.410246950683 -0.206359716151 -0.598013327199
0.199591456085 0.954964546152 0.219558571342
-0.616330768973 -0.0518450001045 0.785778899679
0.761774004462 -0.292155457858 0.578226214011
0.156134857653
0 0 0

00000043.jpg
/scratch_net/biwisrv01_second/varcity/datasets/Paris_RueMonge/part1_ruemonge_107_027_800px/IMG_5754.JPG
1058.62890625
533.5 400
-2.0736853352 -22.4100778809 -9.20782829306
2.16450931802 -0.00200543469203 24.2200486945
-1.10582193155 -0.796158958795 -1.18191348717
0.620127453959 -0.480944113205 -0.346265482248 -0.514037855243
0.231730598361 0.970606663408 0.064989497086
-0.304469282235 0.00891568670152 0.952480428516
0.923904424688 -0.240506165158 0.297585951555
0.148982812265
0 0 0

00000044.jpg
/scratch_net/biwisrv01_second/varcity/datasets/Paris_RueMonge/part1_ruemonge_107_027_800px/IMG_5719.JPG
1060.63000488
533.5 400
0.375248986731 -14.664348134 -1.56878874432
1.82531770398 0.0194225678704 14.6394280682
-1.30636685866 -1.02952922231 -0.933591015063
0.578675654529 -0.558575082339 -0.440205112609 -0.399183946418
0.29374327151 0.953771276985 -0.063523551854
0.0297791511006 0.0572921086237 0.997913230922
0.95542037481 -0.295021974583 -0.0115733275539
0.166512252248
0 0 0

00000045.jpg
/scratch_net/biwisrv01_second/varcity/datasets/Paris_RueMonge/part1_ruemonge_107_027_800px/IMG_5687.JPG
1060.9934082
533.5 400
0.225241301339 -6.09264038318 0.134777048474
0.786884377068 0.0335118924375 6.04721880418
-1.40604896642 -1.11348644508 -0.861155411027
0.544680510639 -0.592675903026 -0.469355335489 -0.362993091326
0.295883169395 0.951781719286 -0.0810228912233
0.160920669918 0.0339425792444 0.986383515326
0.941571923998 -0.304892538688 -0.143118313959
0.157641403488
0 0 0

00000046.jpg
/scratch_net/biwisrv01_second/varcity/datasets/Paris_RueMonge/part1_ruemonge_107_027_800px/IMG_5798.JPG
1056.94360352
533.5 400
-3.93620650115 -34.437708969 -13.1048497323
-2.39828002983 0.00398791929642 36.9788431965
-1.04384465168 -0.663720167597 -1.23425412831
0.641981770199 -0.458007159277 -0.291220142794 -0.541553023457
0.243822302432 0.962096157961 0.122154278166
-0.42857251666 -0.00610047032739 0.903486791395
0.869986369318 -0.272642196109 0.410840540965
0.154506314557
0 0 0

00000047.jpg
/scratch_net/biwisrv01_second/varcity/datasets/Paris_RueMonge/part1_ruemonge_107_027_800px/IMG_5705.JPG
1061.21276855
533.5 400
-0.0941689186288 -10.8975719376 -0.694508208055
1.53335585011 0.0568349498856 10.8117470002
-1.37863716691 -1.02726820343 -0.904617159226
0.564167431043 -0.585916813598 -0.436586019088 -0.38445967959
0.323166805413 0.945405437879 -0.0420924447906
0.0778069187829 0.0177844846244 0.996809809089
0.943138006481 -0.325410925041 -0.06781172904
0.163227659522
0 0 0

00000048.jpg
/scratch_net/biwisrv01_second/varcity/datasets/Paris_RueMonge/part1_ruemonge_107_027_800px/IMG_5864.JPG
1070.29663086
533.5 400
-6.24011964359 -51.4632713699 -16.4318683118
-9.9900851293 -0.361596773991 53.4554126011
-1.03784849854 -0.55752446354 -1.23537944145
0.657319122447 -0.458171266134 -0.246126182888 -0.545373783978
0.283978675692 0.942505123866 0.176182301149
-0.491433344495 -0.0147069467238 0.870791004568
0.823316087338 -0.333867933776 0.459001985972
0.150411430005
0 0 0

00000049.jpg
/scratch_net/biwisrv01_second/varcity/datasets/Paris_RueMonge/part1_ruemonge_107_027_800px/IMG_5595.JPG
1051.28173828
533.5 400
-1.12364288685 23.7067445825 -2.26616949504
-6.43234607363 0.442259566967 -22.9529337271
-1.54546396672 -1.29589157865 -0.777862014594
0.470587073061 -0.630826594875 -0.52895628076 -0.317507270642
0.238788772268 0.966189013193 -0.097255915106
0.368529744526 0.00249388057517 0.929612611769
0.898424036654 -0.257822751797 -0.355473879515
0.165509442212
0 0 0

00000050.jpg
/scratch_net/biwisrv01_second/varcity/datasets/Paris_RueMonge/part1_ruemonge_107_027_800px/IMG_5580.JPG
1071.52697754
533.5 400
-2.44397868198 27.8633142289 -3.54170202804
-8.56149853091 0.688860368813 -26.8534388705
-1.59826986311 -1.27917921368 -0.622916200833
0.48020717423 -0.655165638209 -0.524363429016 -0.255346922124
0.319681887344 0.932328649093 -0.169017102638
0.441850953407 0.0111118717428 0.897019654901
0.838195219431 -0.361441304206 -0.40839803836
0.156594182895
0 0 0

00000051.jpg
/scratch_net/biwisrv01_second/varcity/datasets/Paris_RueMonge/part1_ruemonge_107_027_800px/IMG_5855.JPG
1081.85461426
533.5 400
-4.98751469214 -50.143653461 -12.7342861876
-8.95980783947 -0.240257251962 51.1965570118
-1.08018556089 -0.628068531106 -1.21444325059
0.643888516707 -0.474314501097 -0.275787811623 -0.533267676746
0.279133335796 0.948350183333 0.15071997419
-0.425109550218 -0.0186973220256 0.904948772286
0.861026393998 -0.316673869969 0.397933674018
0.159457696783
0 0 0

00000052.jpg
/scratch_net/biwisrv01_second/varcity/datasets/Paris_RueMonge/part1_ruemonge_107_027_800px/IMG_5831.JPG
1075.56628418
533.5 400
-4.18796253666 -42.8507149883 -15.2022572106
-6.38191663303 -0.0794074558267 45.2116828271
-1.01265204304 -0.612164183826 -1.23240922955
0.656776594766 -0.446951624447 -0.270189329365 -0.543945287937
0.262242500057 0.956024187236 0.131326404743
-0.472977948566 0.00871553827029 0.881031156976
0.841142515472 -0.293158306741 0.454463943404
0.158740936408
0 0 0

00000053.jpg
/scratch_net/biwisrv01_second/varcity/datasets/Paris_RueMonge/part1_ruemonge_107_027_800px/IMG_5793.JPG
1058.31176758
533.5 400
-3.29410675066 -33.3364403395 -12.674585807
-1.9374678285 0.000712530384067 35.7639586326
-1.03526214464 -0.698388515845 -1.24288090476
0.636421329697 -0.45322885562 -0.305748480665 -0.544122561664
0.220897008919 0.969730476423 0.104054382644
-0.415434340425 -0.00297151535578 0.90961831495
0.882393801115 -0.244159728852 0.402202942009
0.163485503233
0 0 0

00000054.jpg
/scratch_net/biwisrv01_second/varcity/datasets/Paris_RueMonge/part1_ruemonge_107_027_800px/IMG_5810.JPG
1060.03100586
533.5 400
-3.72608717117 -38.2515191637 -11.7399350878
-3.99396803635 -0.0216760510887 39.9867011552
-1.06407580251 -0.696533986144 -1.23459461103
0.632334232474 -0.465077626989 -0.304435428969 -0.53960660569
0.232287561368 0.965595671446 0.116908032735
-0.399251243941 -0.0149449760614 0.916719745561
0.886927805994 -0.25961827165 0.382043740925
0.152278186788
0 0 0

00000055.jpg
/scratch_net/biwisrv01_second/varcity/datasets/Paris_RueMonge/part1_ruemonge_107_027_800px/IMG_5531.JPG
1080.61218262
533.5 400
-4.39668954986 43.5509946236 -8.25917928478
-16.9366896508 1.44310265337 -41.1740215739
-1.63461128811 -1.50623272081 -0.665540538252
0.39921749526 -0.645918807695 -0.595189847405 -0.262989222004
0.153171429312 0.978868430154 -0.135481030742
0.558908836198 0.0272511259498 0.828781206926
0.814959769597 -0.202667147271 -0.542924121176
0.15327890836
0 0 0

00000056.jpg
/scratch_net/biwisrv01_second/varcity/datasets/Paris_RueMonge/part1_ruemonge_107_027_800px/IMG_5616.JPG
1027.44311523
533.5 400
-0.750810478572 17.3437351389 -0.989410373125
-3.93367758267 0.148811705088 -16.936700788
-1.46606394726 -1.28087953099 -0.86678510469
0.484051226302 -0.601990958427 -0.525951066413 -0.355916804923
0.193397407424 0.97779950488 -0.0806571203121
0.288671641343 0.0218602278907 0.957178569506
0.937691914376 -0.208399277091 -0.278035276579
0.16151697886
0 0 0

00000057.jpg
/scratch_net/biwisrv01_second/varcity/datasets/Paris_RueMonge/part1_ruemonge_107_027_800px/IMG_5787.JPG
1046.9942627
533.5 400
-3.68192065511 -31.2584297169 -13.7304468178
-1.25142096816 0.00512371801615 34.3162506285
-1.02159210868 -0.651781425905 -1.23435487162
0.648727949737 -0.449454437777 -0.286754421697 -0.543060454489
0.245714488815 0.962363085216 0.116110646371
-0.44683089568 0.00615210226595 0.894597284986
0.860213078633 -0.271697338692 0.43152522
0.161709964631
0 0 0

00000058.jpg
/scratch_net/biwisrv01_second/varcity/datasets/Paris_RueMonge/part1_ruemonge_107_027_800px/IMG_5612.JPG
1031.9251709
533.5 400
-0.726597659745 18.6238757073 -1.38950576045
-4.40935911494 0.188861076093 -18.1612031669
-1.49535825153 -1.28420230541 -0.842898570436
0.478469849067 -0.612509750811 -0.526018720446 -0.345257461085
0.20820318261 0.974773761355 -0.0804210726462
0.313992620176 0.011258181452 0.949358671855
0.926315318467 -0.222911120236 -0.303727778198
0.177853958981
0 0 0

00000059.jpg
/scratch_net/biwisrv01_second/varcity/datasets/Paris_RueMonge/part1_ruemonge_107_027_800px/IMG_5690.JPG
1059.35510254
533.5 400
0.00161923630896 -6.95037742731 0.136306355788
0.947764408414 0.0392912074583 6.88669204
-1.44494418482 -1.06391253527 -0.851628399717
0.546089846333 -0.609435053813 -0.44872708579 -0.359191867106
0.339250410167 0.939242094375 -0.0522823809308
0.154637968327 -0.00085976442167 0.987970829305
0.927898840366 -0.343254350241 -0.145534164674
0.157048108586
0 0 0

00000060.jpg
/scratch_net/biwisrv01_second/varcity/datasets/Paris_RueMonge/part1_ruemonge_107_027_800px/IMG_5853.JPG
1073.36694336
533.5 400
-6.50560871225 -50.0452332081 -10.0291606452
-8.59734532071 -0.222028493428 50.7293675458
-1.15092678595 -0.629331165526 -1.20434642648
0.629112948674 -0.502384682102 -0.274705864344 -0.525702593768
0.296346942001 0.937468654442 0.182567828231
-0.385436581122 -0.0575071718118 0.92094058827
0.873851893572 -0.343286246634 0.344292638568
0.151989534146
0 0 0

00000061.jpg
/scratch_net/biwisrv01_second/varcity/datasets/Paris_RueMonge/part1_ruemonge_107_027_800px/IMG_5928.JPG
1056.61767578
533.5 400
-14.8913661133 -55.4032556563 -41.2297100874
-19.6157364264 -1.42329157206 67.8554319232
-0.720599607482 -0.261602892791 -1.49223348508
0.668342738893 -0.319509535659 -0.115993150613 -0.661647360006
0.0975367200156 0.95853625292 0.267758921583
-0.810292582151 -0.0797271447597 0.580576880093
0.577851641478 -0.273590632565 0.768918491268
0.156005387559
0 0 0

00000062.jpg
/scratch_net/biwisrv01_second/varcity/datasets/Paris_RueMonge/part1_ruemonge_107_027_800px/IMG_5844.JPG
1072.39025879
533.5 400
-6.01886558368 -47.338277453 -11.5819934546
-7.83154202225 -0.171834993517 48.4759656923
-1.09939599697 -0.649686518307 -1.24935753518
0.626874923379 -0.47945764999 -0.283334823991 -0.544857384844
0.245703615391 0.954808960495 0.167241090474
-0.411420765011 -0.0534984159053 0.909874097671
0.877703074793 -0.292365812733 0.37968347876
0.155127770876
0 0 0

00000063.jpg
/scratch_net/biwisrv01_second/varcity/datasets/Paris_RueMonge/part1_ruemonge_107_027_800px/IMG_5766.JPG
1052.80358887
533.5 400
-2.34394039478 -26.2178826427 -9.35339970912
1.40403388426 -0.0127620006583 27.8995705871
-1.1275514059 -0.773445085895 -1.15106003536
0.626562001724 -0.491674312955 -0.337264517809 -0.50192536597
0.268647144047 0.960623324191 0.0709333561585
-0.297326123881 0.0126545939531 0.954692116501
0.916201881713 -0.277565650383 0.289018030015
0.160466054384
0 0 0

00000064.jpg
/scratch_net/biwisrv01_second/varcity/datasets/Paris_RueMonge/part1_ruemonge_107_027_800px/IMG_5571.JPG
1064.90466309
533.5 400
-2.19232755597 30.2836776239 -4.26848692765
-9.71381059646 0.818693283205 -29.070587132
-1.63364229412 -1.27287730938 -0.604069906509
0.47252256544 -0.667392265192 -0.520008862331 -0.246780818966
0.337380020976 0.92731879646 -0.16203262381
0.460880773744 -0.0126264164936 0.887372236437
0.820831062911 -0.374059384776 -0.431643305081
0.132333987797
0 0 0

00000065.jpg
/scratch_net/biwisrv01_second/varcity/datasets/Paris_RueMonge/part1_ruemonge_107_027_800px/IMG_5607.JPG
1034.26879883
533.5 400
-0.903297202971 19.9376302506 -2.01784548102
-4.84066983521 0.236515938669 -19.4655778745
-1.52282704604 -1.29210935678 -0.806209253165
0.474094124073 -0.622554508535 -0.528233660989 -0.329590419795
0.224678709155 0.970222257168 -0.0904889459987
0.345194731666 0.00759207816516 0.938500376973
0.911240953252 -0.242097360672 -0.333209833397
0.185126115153
0 0 0

00000066.jpg
/scratch_net/biwisrv01_second/varcity/datasets/Paris_RueMonge/part1_ruemonge_107_027_800px/IMG_5763.JPG
1056.53637695
533.5 400
-3.06803652363 -24.4992766329 -10.7967407035
1.70396353456 -0.0150330050563 26.8941126596
-1.09771443646 -0.70616431263 -1.1684201172
0.640300618982 -0.48131907449 -0.309634584465 -0.512321666501
0.283305868274 0.954145823606 0.0966619485409
-0.358013697108 0.0117169171313 0.933642815287
0.889698812905 -0.29911279001 0.344916745271
0.163245747107
0 0 0

00000067.jpg
/scratch_net/biwisrv01_second/varcity/datasets/Paris_RueMonge/part1_ruemonge_107_027_800px/IMG_5724.JPG
1056.74121094
533.5 400
-0.0468015952773 -16.2642720199 -0.810403332142
1.92755633625 0.0137266012447 16.1700286468
-1.36603399829 -1.04773766353 -0.941242593702
0.55616035084 -0.578610071832 -0.443789514403 -0.398681471645
0.288207902146 0.957023819902 -0.0322740341664
0.0701005113277 0.0125269378825 0.997461274506
0.954998493953 -0.289738647694 -0.0634774966405
0.155651785628
0 0 0

00000068.jpg
/scratch_net/biwisrv01_second/varcity/datasets/Paris_RueMonge/part1_ruemonge_107_027_800px/IMG_5859.JPG
1078.17346191
533.5 400
-6.82479024629 -50.8669522611 -12.8850761466
-9.46644238935 -0.294423077685 52.0610177108
-1.0975553089 -0.596405659651 -1.23528524761
0.638393284087 -0.480881083547 -0.261308197884 -0.541225853076
0.277585203361 0.942346238232 0.186895752131
-0.43971356088 -0.0483440811033 0.896836012993
0.854165346554 -0.331129003731 0.400942818411
0.151556669131
0 0 0

00000069.jpg
/scratch_net/biwisrv01_second/varcity/datasets/Paris_RueMonge/part1_ruemonge_107_027_800px/IMG_5735.JPG
1058.05712891
533.5 400
-0.22103533811 -19.3016214121 -0.390060707077
2.0138077815 0.000648160967435 19.2015148077
-1.37803341744 -1.07228677176 -0.96886066675
0.541621048946 -0.580112737274 -0.451402125985 -0.407862687736
0.259768297218 0.965542279348 -0.0157651055171
0.0819142123184 -0.00576551998854 0.996622707247
0.962190466374 -0.26018236983 -0.0805893345829
0.169650247947
0 0 0

00000070.jpg
/scratch_net/biwisrv01_second/varcity/datasets/Paris_RueMonge/part1_ruemonge_107_027_800px/IMG_5541.JPG
1080.78515625
533.5 400
-2.1277511026 40.4360537739 -7.4329312917
-15.0416099533 1.31606455393 -38.2997151589
-1.64149530595 -1.50577391156 -0.758447796993
0.38410995389 -0.644073091342 -0.590820122706 -0.297591967191
0.124741207338 0.989678759309 -0.0705378236463
0.532446612126 -0.00678225185532 0.846436415979
0.837221736715 -0.143143125691 -0.527797128772
0.167943593414
0 0 0

00000071.jpg
/scratch_net/biwisrv01_second/varcity/datasets/Paris_RueMonge/part1_ruemonge_107_027_800px/IMG_5523.JPG
1077.69897461
533.5 400
-5.73187734968 46.3322257669 -9.45186965582
-19.0698033796 1.51551225958 -43.6223936082
-1.64828503683 -1.51946870955 -0.599591959691
0.399068927496 -0.651276988564 -0.600378565152 -0.236913177727
0.166835449451 0.971114863311 -0.170592658291
0.592936112331 0.0394208607731 0.804284006076
0.787777062056 -0.235333631239 -0.569232274653
0.152064967346
0 0 0

00000072.jpg
/scratch_net/biwisrv01_second/varcity/datasets/Paris_RueMonge/part1_ruemonge_107_027_800px/IMG_5581.JPG
1069.94946289
533.5 400
-2.04319216744 27.5825936532 -3.84320838992
-8.42871909823 0.670826611798 -26.6129863717
-1.61991936495 -1.26544049598 -0.616930987379
0.477412041739 -0.663220695156 -0.518091420835 -0.252581336557
0.335567896161 0.928388647742 -0.159651826827
0.44604716138 -0.00731804412017 0.894979539462
0.829720505285 -0.37153864533 -0.416560821652
0.15772832222
0 0 0

00000073.jpg
/scratch_net/biwisrv01_second/varcity/datasets/Paris_RueMonge/part1_ruemonge_107_027_800px/IMG_5648.JPG
1064.88635254
533.5 400
0.312747871428 6.4857968484 2.01185271347
-1.58210090145 0.0231107988808 -6.61115314897
-1.26052341449 -0.955432721121 -1.00423405562
0.592382082697 -0.542040496044 -0.410847763825 -0.431832934951
0.289448862504 0.957012438171 -0.0186158314752
-0.0662279353626 0.0394248338816 0.997025347246
0.95489958455 -0.287354964564 0.0747924312178
0.151921215301
0 0 0

00000074.jpg
/scratch_net/biwisrv01_second/varcity/datasets/Paris_RueMonge/part1_ruemonge_107_027_800px/IMG_5630.JPG
1048.97924805
533.5 400
0.121853623103 12.886671284 1.58810554706
-2.53050448422 0.0568376232206 -12.735640575
-1.3766008581 -1.01214902209 -0.877773338773
0.573140116102 -0.587250623542 -0.431777403626 -0.374453449953
0.346705775073 0.936351686583 -0.0551418585445
0.0778945114604 0.0298426379353 0.996514857915
0.934733946434 -0.349792704317 -0.0625900422659
0.173150474239
0 0 0

00000075.jpg
/scratch_net/biwisrv01_second/varcity/datasets/Paris_RueMonge/part1_ruemonge_107_027_800px/IMG_5600.JPG
1043.12231445
533.5 400
-1.86147760704 21.8677131709 -2.79070169865
-5.72452949259 0.346726184797 -21.367253853
-1.5329255133 -1.33122309119 -0.742761148089
0.470500693631 -0.625684651782 -0.543357031394 -0.303168188061
0.225704372364 0.965221995501 -0.131924355963
0.394658624423 0.033215532545 0.918227258671
0.890675084677 -0.259312991958 -0.373436294082
0.167867779884
0 0 0

00000076.jpg
/scratch_net/biwisrv01_second/varcity/datasets/Paris_RueMonge/part1_ruemonge_107_027_800px/IMG_5909.JPG
1051.85058594
533.5 400
-11.0923966503 -60.5610910073 -26.4399964173
-16.8863183968 -1.14527495839 64.8328698598
-0.917839493638 -0.43936314971 -1.37503313052
0.655988461796 -0.40497757686 -0.193859846917 -0.606704755201
0.18865539954 0.953000420368 0.237063997695
-0.638964856147 -0.0641949954864 0.766552617348
0.745743288829 -0.296089853479 0.596823043987
0.161067439081
0 0 0

00000077.jpg
/scratch_net/biwisrv01_second/varcity/datasets/Paris_RueMonge/part1_ruemonge_107_027_800px/IMG_5721.JPG
1061.92651367
533.5 400
0.318463198835 -15.346683943 -0.936462724977
1.91007166523 0.0244184683071 15.2594272259
-1.34791780909 -1.0522050164 -0.915891592329
0.565376575721 -0.573151564903 -0.447410775109 -0.389448596854
0.296306777448 0.953238600034 -0.0594849984709
0.0724981435991 0.0396541481149 0.996579935435
0.952337289416 -0.2996059411 -0.0573582360691
0.163464782748
0 0 0

00000078.jpg
/scratch_net/biwisrv01_second/varcity/datasets/Paris_RueMonge/part1_ruemonge_107_027_800px/IMG_5697.JPG
1066.20373535
533.5 400
0.123073418238 -8.81154652456 -0.833611527037
1.0849069561 0.0541429707673 8.78484222022
-1.31592590387 -1.03815844816 -0.943496687093
