w = [0.2450     % Pixel classifier
    0.4029      % Detector - window
    0.7715      % Detector - door
    0.1152      % Position prior - win
    0.3068      % Position prior - wal
   -0.0208      % Position prior - bal
    0.0759      % Position prior - doo
    0.0449      % Position prior - roo
    0.0773      % Position prior - sky
    0.1027      % Position prior - shop
   -0.0231      % Position prior - chimney
    0.3725      % Pairwise
    ];

labelCost = [0    3.4618    4.0794   13.2191    4.4098    7.6636    8.9207    8.9374
    3.4618         0    3.7066    3.9117    4.7034    6.9317    5.0436    7.3671
    4.0794    3.7066         0   13.2313    6.0898   14.5077    8.1373   13.1976
   13.2191    3.9117   13.2313         0   13.1321   13.1537    8.9615   12.6238
    4.4098    4.7034    6.0898   13.1321         0    4.7131   14.4029    5.1545
    7.6636    6.9317   14.5077   13.1537    4.7131         0   14.4824    3.5964
    8.9207    5.0436    8.1373    8.9615   14.4029   14.4824         0   13.1907
    8.9374    7.3671   13.1976   12.6238    5.1545    3.5964   13.1907         0 ];